N= 104
     MIN= 15.199000
     MAX= 15.703000
 MAX-MIN=  0.504000
  MEDIAN= 15.372750
    MEAN= 15.382788
MEAN_ERR=  0.008765
      SD=  0.089386
     MAD=  0.054250
MAD*1.48=  0.080431
     IQR=  0.109650
IQR/1.34=  0.081284
percen80=  15.449900
    SUMM=  1599.810000
