N= 104
     MIN= 14.841600
     MAX= 15.615800
 MAX-MIN=  0.774200
  MEDIAN= 15.114800
    MEAN= 15.124712
MEAN_ERR=  0.009931
      SD=  0.101273
     MAD=  0.059150
MAD*1.48=  0.087696
     IQR=  0.117500
IQR/1.34=  0.087103
percen80=  15.198000
    SUMM=  1572.970100
