N= 114
     MIN= 15.731800
     MAX= 16.392900
 MAX-MIN=  0.661100
  MEDIAN= 15.947950
    MEAN= 15.968354
MEAN_ERR=  0.011980
      SD=  0.127910
     MAD=  0.050400
MAD*1.48=  0.074723
     IQR=  0.104000
IQR/1.34=  0.077095
percen80=  16.027000
    SUMM=  1820.392400
