N= 53
     MIN= 16.103900
     MAX= 18.164000
 MAX-MIN=  2.060100
  MEDIAN= 17.403100
    MEAN= 17.388745
MEAN_ERR=  0.039161
      SD=  0.285100
     MAD=  0.101600
MAD*1.48=  0.150632
     IQR=  0.220300
IQR/1.34=  0.163309
percen80=  17.539000
    SUMM=  921.603500
