N= 101
     MIN= 16.260400
     MAX= 17.666100
 MAX-MIN=  1.405700
  MEDIAN= 16.676200
    MEAN= 16.716920
MEAN_ERR=  0.022111
      SD=  0.222217
     MAD=  0.117300
MAD*1.48=  0.173909
     IQR=  0.239350
IQR/1.34=  0.177430
percen80=  16.886400
    SUMM=  1688.408900
