N= 102
     MIN= 16.181200
     MAX= 17.520800
 MAX-MIN=  1.339600
  MEDIAN= 16.702350
    MEAN= 16.697666
MEAN_ERR=  0.020081
      SD=  0.202804
     MAD=  0.134550
MAD*1.48=  0.199484
     IQR=  0.275300
IQR/1.34=  0.204080
percen80=  16.863900
    SUMM=  1703.161900
