N= 101
     MIN= 12.898400
     MAX= 14.361700
 MAX-MIN=  1.463300
  MEDIAN= 13.308300
    MEAN= 13.354678
MEAN_ERR=  0.022045
      SD=  0.221549
     MAD=  0.101600
MAD*1.48=  0.150632
     IQR=  0.207800
IQR/1.34=  0.154042
percen80=  13.484500
    SUMM=  1348.822500
