N= 112
     MIN= 15.244800
     MAX= 15.757700
 MAX-MIN=  0.512900
  MEDIAN= 15.514100
    MEAN= 15.498839
MEAN_ERR=  0.012688
      SD=  0.134276
     MAD=  0.098400
MAD*1.48=  0.145888
     IQR=  0.207300
IQR/1.34=  0.153672
percen80=  15.618700
    SUMM=  1735.870000
