N= 105
     MIN= 15.990500
     MAX= 17.197400
 MAX-MIN=  1.206900
  MEDIAN= 16.319700
    MEAN= 16.381182
MEAN_ERR=  0.022441
      SD=  0.229947
     MAD=  0.133600
MAD*1.48=  0.198076
     IQR=  0.293950
IQR/1.34=  0.217905
percen80=  16.595100
    SUMM=  1720.024100
