N= 58
     MIN= 14.775100
     MAX= 15.144800
 MAX-MIN=  0.369700
  MEDIAN= 14.944850
    MEAN= 14.960859
MEAN_ERR=  0.009981
      SD=  0.076016
     MAD=  0.044000
MAD*1.48=  0.065234
     IQR=  0.104900
IQR/1.34=  0.077762
percen80=  15.026500
    SUMM=  867.729800
