N= 101
     MIN= 15.228100
     MAX= 15.764200
 MAX-MIN=  0.536100
  MEDIAN= 15.391600
    MEAN= 15.410401
MEAN_ERR=  0.010961
      SD=  0.110156
     MAD=  0.052800
MAD*1.48=  0.078281
     IQR=  0.104500
IQR/1.34=  0.077466
percen80=  15.453700
    SUMM=  1556.450500
