N= 111
     MIN= 15.810100
     MAX= 16.663000
 MAX-MIN=  0.852900
  MEDIAN= 16.100200
    MEAN= 16.122558
MEAN_ERR=  0.015595
      SD=  0.164306
     MAD=  0.100000
MAD*1.48=  0.148260
     IQR=  0.209200
IQR/1.34=  0.155080
percen80=  16.238200
    SUMM=  1789.603900
