N= 111
     MIN= 13.984400
     MAX= 14.415400
 MAX-MIN=  0.431000
  MEDIAN= 14.118900
    MEAN= 14.156463
MEAN_ERR=  0.011329
      SD=  0.119362
     MAD=  0.075100
MAD*1.48=  0.111343
     IQR=  0.189550
IQR/1.34=  0.140514
percen80=  14.285800
    SUMM=  1571.367400
