N= 105
     MIN= 12.129300
     MAX= 13.028500
 MAX-MIN=  0.899200
  MEDIAN= 12.757600
    MEAN= 12.647357
MEAN_ERR=  0.021675
      SD=  0.222104
     MAD=  0.078400
MAD*1.48=  0.116236
     IQR=  0.349250
IQR/1.34=  0.258899
percen80=  12.805000
    SUMM=  1327.972500
