N= 56
     MIN= 16.140400
     MAX= 16.848500
 MAX-MIN=  0.708100
  MEDIAN= 16.499400
    MEAN= 16.495795
MEAN_ERR=  0.019946
      SD=  0.149262
     MAD=  0.087200
MAD*1.48=  0.129283
     IQR=  0.176050
IQR/1.34=  0.130506
percen80=  16.643400
    SUMM=  923.764500
