N= 107
     MIN= 15.569200
     MAX= 16.205600
 MAX-MIN=  0.636400
  MEDIAN= 15.754300
    MEAN= 15.772032
MEAN_ERR=  0.011448
      SD=  0.118414
     MAD=  0.054600
MAD*1.48=  0.080950
     IQR=  0.108750
IQR/1.34=  0.080616
percen80=  15.816100
    SUMM=  1687.607400
