N= 96
     MIN= 16.042600
     MAX= 17.243900
 MAX-MIN=  1.201300
  MEDIAN= 16.212900
    MEAN= 16.269021
MEAN_ERR=  0.021185
      SD=  0.207566
     MAD=  0.066400
MAD*1.48=  0.098445
     IQR=  0.137500
IQR/1.34=  0.101929
percen80=  16.322300
    SUMM=  1561.826000
